1998	1	-27.5	12.5	666667
1998	1	-22.5	12.5	1333333
1998	2	-27.5	12.5	666667
1998	2	-22.5	12.5	1333333
1998	3	-27.5	12.5	666667
1998	3	-22.5	12.5	1333333
1998	4	-27.5	12.5	666667
1998	4	-22.5	12.5	1333333
1998	5	-27.5	12.5	666667
1998	5	-22.5	12.5	1333333
1998	6	-27.5	12.5	666667
1998	6	-22.5	12.5	1333333
1998	7	-27.5	12.5	666667
1998	7	-22.5	12.5	1333333
1998	8	-27.5	12.5	666667
1998	8	-22.5	12.5	1333333
1998	9	-27.5	12.5	666667
1998	9	-22.5	12.5	1333333
1998	10	-27.5	12.5	666667
1998	10	-22.5	12.5	1333333
1998	11	-27.5	12.5	666667
1998	11	-22.5	12.5	1333333
1998	12	-27.5	12.5	666667
1998	12	-22.5	12.5	1333333
1999	1	-27.5	12.5	1250000
1999	1	-22.5	12.5	2500000
1999	2	-27.5	12.5	1250000
1999	2	-22.5	12.5	2500000
1999	3	-27.5	12.5	1250000
1999	3	-22.5	12.5	2500000
1999	4	-27.5	12.5	1250000
1999	4	-22.5	12.5	2500000
1999	5	-27.5	12.5	1250000
1999	5	-22.5	12.5	2500000
1999	6	-27.5	12.5	1250000
1999	6	-22.5	12.5	2500000
1999	7	-27.5	12.5	1250000
1999	7	-22.5	12.5	2500000
1999	8	-27.5	12.5	1250000
1999	8	-22.5	12.5	2500000
1999	9	-27.5	12.5	1250000
1999	9	-22.5	12.5	2500000
1999	10	-27.5	12.5	1250000
1999	10	-22.5	12.5	2500000
1999	11	-27.5	12.5	1250000
1999	11	-22.5	12.5	2500000
1999	12	-27.5	12.5	1250000
1999	12	-22.5	12.5	2500000
2000	1	-27.5	12.5	1722222
2000	1	-22.5	12.5	3444444
2000	2	-27.5	12.5	1722222
2000	2	-22.5	12.5	3444444
2000	3	-27.5	12.5	1722222
2000	3	-22.5	12.5	3444444
2000	4	-27.5	12.5	1722222
2000	4	-22.5	12.5	3444444
2000	5	-27.5	12.5	1722222
2000	5	-22.5	12.5	3444444
2000	6	-27.5	12.5	1722222
2000	6	-22.5	12.5	3444444
2000	7	-27.5	12.5	1722222
2000	7	-22.5	12.5	3444444
2000	8	-27.5	12.5	1722222
2000	8	-22.5	12.5	3444444
2000	9	-27.5	12.5	1722222
2000	9	-22.5	12.5	3444444
2000	10	-27.5	12.5	1722222
2000	10	-22.5	12.5	3444444
2000	11	-27.5	12.5	1722222
2000	11	-22.5	12.5	3444444
2000	12	-27.5	12.5	1722222
2000	12	-22.5	12.5	3444444
2001	1	-27.5	12.5	1583333
2001	1	-22.5	12.5	3166667
2001	2	-27.5	12.5	1583333
2001	2	-22.5	12.5	3166667
2001	3	-27.5	12.5	1583333
2001	3	-22.5	12.5	3166667
2001	4	-27.5	12.5	1583333
2001	4	-22.5	12.5	3166667
2001	5	-27.5	12.5	1583333
2001	5	-22.5	12.5	3166667
2001	6	-27.5	12.5	1583333
2001	6	-22.5	12.5	3166667
2001	7	-27.5	12.5	1583333
2001	7	-22.5	12.5	3166667
2001	8	-27.5	12.5	1583333
2001	8	-22.5	12.5	3166667
2001	9	-27.5	12.5	1583333
2001	9	-22.5	12.5	3166667
2001	10	-27.5	12.5	1583333
2001	10	-22.5	12.5	3166667
2001	11	-27.5	12.5	1583333
2001	11	-22.5	12.5	3166667
2001	12	-27.5	12.5	1583333
2001	12	-22.5	12.5	3166667
2002	1	-27.5	12.5	1388889
2002	1	-22.5	12.5	2777778
2002	2	-27.5	12.5	1388889
2002	2	-22.5	12.5	2777778
2002	3	-27.5	12.5	1388889
2002	3	-22.5	12.5	2777778
2002	4	-27.5	12.5	1388889
2002	4	-22.5	12.5	2777778
2002	5	-27.5	12.5	1388889
2002	5	-22.5	12.5	2777778
2002	6	-27.5	12.5	1388889
2002	6	-22.5	12.5	2777778
2002	7	-27.5	12.5	1388889
2002	7	-22.5	12.5	2777778
2002	8	-27.5	12.5	1388889
2002	8	-22.5	12.5	2777778
2002	9	-27.5	12.5	1388889
2002	9	-22.5	12.5	2777778
2002	10	-27.5	12.5	1388889
2002	10	-22.5	12.5	2777778
2002	11	-27.5	12.5	1388889
2002	11	-22.5	12.5	2777778
2002	12	-27.5	12.5	1388889
2002	12	-22.5	12.5	2777778
2003	1	-27.5	12.5	1305556
2003	1	-22.5	12.5	2611111
2003	2	-27.5	12.5	1305556
2003	2	-22.5	12.5	2611111
2003	3	-27.5	12.5	1305556
2003	3	-22.5	12.5	2611111
2003	4	-27.5	12.5	1305556
2003	4	-22.5	12.5	2611111
2003	5	-27.5	12.5	1305556
2003	5	-22.5	12.5	2611111
2003	6	-27.5	12.5	1305556
2003	6	-22.5	12.5	2611111
2003	7	-27.5	12.5	1305556
2003	7	-22.5	12.5	2611111
2003	8	-27.5	12.5	1305556
2003	8	-22.5	12.5	2611111
2003	9	-27.5	12.5	1305556
2003	9	-22.5	12.5	2611111
2003	10	-27.5	12.5	1305556
2003	10	-22.5	12.5	2611111
2003	11	-27.5	12.5	1305556
2003	11	-22.5	12.5	2611111
2003	12	-27.5	12.5	1305556
2003	12	-22.5	12.5	2611111
2004	1	-27.5	12.5	1805556
2004	1	-22.5	12.5	3611111
2004	2	-27.5	12.5	1805556
2004	2	-22.5	12.5	3611111
2004	3	-27.5	12.5	1805556
2004	3	-22.5	12.5	3611111
2004	4	-27.5	12.5	1805556
2004	4	-22.5	12.5	3611111
2004	5	-27.5	12.5	1805556
2004	5	-22.5	12.5	3611111
2004	6	-27.5	12.5	1805556
2004	6	-22.5	12.5	3611111
2004	7	-27.5	12.5	1805556
2004	7	-22.5	12.5	3611111
2004	8	-27.5	12.5	1805556
2004	8	-22.5	12.5	3611111
2004	9	-27.5	12.5	1805556
2004	9	-22.5	12.5	3611111
2004	10	-27.5	12.5	1805556
2004	10	-22.5	12.5	3611111
2004	11	-27.5	12.5	1805556
2004	11	-22.5	12.5	3611111
2004	12	-27.5	12.5	1805556
2004	12	-22.5	12.5	3611111
2005	1	-27.5	12.5	2333333
2005	1	-22.5	12.5	4666667
2005	2	-27.5	12.5	2333333
2005	2	-22.5	12.5	4666667
2005	3	-27.5	12.5	2333333
2005	3	-22.5	12.5	4666667
2005	4	-27.5	12.5	2333333
2005	4	-22.5	12.5	4666667
2005	5	-27.5	12.5	2333333
2005	5	-22.5	12.5	4666667
2005	6	-27.5	12.5	2333333
2005	6	-22.5	12.5	4666667
2005	7	-27.5	12.5	2333333
2005	7	-22.5	12.5	4666667
2005	8	-27.5	12.5	2333333
2005	8	-22.5	12.5	4666667
2005	9	-27.5	12.5	2333333
2005	9	-22.5	12.5	4666667
2005	10	-27.5	12.5	2333333
2005	10	-22.5	12.5	4666667
2005	11	-27.5	12.5	2333333
2005	11	-22.5	12.5	4666667
2005	12	-27.5	12.5	2333333
2005	12	-22.5	12.5	4666667
2006	1	-27.5	12.5	1861111
2006	1	-22.5	12.5	3722222
2006	2	-27.5	12.5	1861111
2006	2	-22.5	12.5	3722222
2006	3	-27.5	12.5	1861111
2006	3	-22.5	12.5	3722222
2006	4	-27.5	12.5	1861111
2006	4	-22.5	12.5	3722222
2006	5	-27.5	12.5	1861111
2006	5	-22.5	12.5	3722222
2006	6	-27.5	12.5	1861111
2006	6	-22.5	12.5	3722222
2006	7	-27.5	12.5	1861111
2006	7	-22.5	12.5	3722222
2006	8	-27.5	12.5	1861111
2006	8	-22.5	12.5	3722222
2006	9	-27.5	12.5	1861111
2006	9	-22.5	12.5	3722222
2006	10	-27.5	12.5	1861111
2006	10	-22.5	12.5	3722222
2006	11	-27.5	12.5	1861111
2006	11	-22.5	12.5	3722222
2006	12	-27.5	12.5	1861111
2006	12	-22.5	12.5	3722222
2007	1	-27.5	12.5	1861111
2007	1	-22.5	12.5	3722222
2007	2	-27.5	12.5	1861111
2007	2	-22.5	12.5	3722222
2007	3	-27.5	12.5	1861111
2007	3	-22.5	12.5	3722222
2007	4	-27.5	12.5	1861111
2007	4	-22.5	12.5	3722222
2007	5	-27.5	12.5	1861111
2007	5	-22.5	12.5	3722222
2007	6	-27.5	12.5	1861111
2007	6	-22.5	12.5	3722222
2007	7	-27.5	12.5	1861111
2007	7	-22.5	12.5	3722222
2007	8	-27.5	12.5	1861111
2007	8	-22.5	12.5	3722222
2007	9	-27.5	12.5	1861111
2007	9	-22.5	12.5	3722222
2007	10	-27.5	12.5	1861111
2007	10	-22.5	12.5	3722222
2007	11	-27.5	12.5	1861111
2007	11	-22.5	12.5	3722222
2007	12	-27.5	12.5	1861111
2007	12	-22.5	12.5	3722222
2008	1	-27.5	12.5	1861111
2008	1	-22.5	12.5	3722222
2008	2	-27.5	12.5	1861111
2008	2	-22.5	12.5	3722222
2008	3	-27.5	12.5	1861111
2008	3	-22.5	12.5	3722222
2008	4	-27.5	12.5	1861111
2008	4	-22.5	12.5	3722222
2008	5	-27.5	12.5	1861111
2008	5	-22.5	12.5	3722222
2008	6	-27.5	12.5	1861111
2008	6	-22.5	12.5	3722222
2008	7	-27.5	12.5	1861111
2008	7	-22.5	12.5	3722222
2008	8	-27.5	12.5	1861111
2008	8	-22.5	12.5	3722222
2008	9	-27.5	12.5	1861111
2008	9	-22.5	12.5	3722222
2008	10	-27.5	12.5	1861111
2008	10	-22.5	12.5	3722222
2008	11	-27.5	12.5	1861111
2008	11	-22.5	12.5	3722222
2008	12	-27.5	12.5	1861111
2008	12	-22.5	12.5	3722222
2009	1	-27.5	12.5	1861111
2009	1	-22.5	12.5	3722222
2009	2	-27.5	12.5	1861111
2009	2	-22.5	12.5	3722222
2009	3	-27.5	12.5	1861111
2009	3	-22.5	12.5	3722222
2009	4	-27.5	12.5	1861111
2009	4	-22.5	12.5	3722222
2009	5	-27.5	12.5	1861111
2009	5	-22.5	12.5	3722222
2009	6	-27.5	12.5	1861111
2009	6	-22.5	12.5	3722222
2009	7	-27.5	12.5	1861111
2009	7	-22.5	12.5	3722222
2009	8	-27.5	12.5	1861111
2009	8	-22.5	12.5	3722222
2009	9	-27.5	12.5	1861111
2009	9	-22.5	12.5	3722222
2009	10	-27.5	12.5	1861111
2009	10	-22.5	12.5	3722222
2009	11	-27.5	12.5	1861111
2009	11	-22.5	12.5	3722222
2009	12	-27.5	12.5	1861111
2009	12	-22.5	12.5	3722222
2010	1	-27.5	12.5	1861111
2010	1	-22.5	12.5	3722222
2010	2	-27.5	12.5	1861111
2010	2	-22.5	12.5	3722222
2010	3	-27.5	12.5	1861111
2010	3	-22.5	12.5	3722222
2010	4	-27.5	12.5	1861111
2010	4	-22.5	12.5	3722222
2010	5	-27.5	12.5	1861111
2010	5	-22.5	12.5	3722222
2010	6	-27.5	12.5	1861111
2010	6	-22.5	12.5	3722222
2010	7	-27.5	12.5	1861111
2010	7	-22.5	12.5	3722222
2010	8	-27.5	12.5	1861111
2010	8	-22.5	12.5	3722222
2010	9	-27.5	12.5	1861111
2010	9	-22.5	12.5	3722222
2010	10	-27.5	12.5	1861111
2010	10	-22.5	12.5	3722222
2010	11	-27.5	12.5	1861111
2010	11	-22.5	12.5	3722222
2010	12	-27.5	12.5	1861111
2010	12	-22.5	12.5	3722222
2011	1	-27.5	12.5	1861111
2011	1	-22.5	12.5	3722222
2011	2	-27.5	12.5	1861111
2011	2	-22.5	12.5	3722222
2011	3	-27.5	12.5	1861111
2011	3	-22.5	12.5	3722222
2011	4	-27.5	12.5	1861111
2011	4	-22.5	12.5	3722222
2011	5	-27.5	12.5	1861111
2011	5	-22.5	12.5	3722222
2011	6	-27.5	12.5	1861111
2011	6	-22.5	12.5	3722222
2011	7	-27.5	12.5	1861111
2011	7	-22.5	12.5	3722222
2011	8	-27.5	12.5	1861111
2011	8	-22.5	12.5	3722222
2011	9	-27.5	12.5	1861111
2011	9	-22.5	12.5	3722222
2011	10	-27.5	12.5	1861111
2011	10	-22.5	12.5	3722222
2011	11	-27.5	12.5	1861111
2011	11	-22.5	12.5	3722222
2011	12	-27.5	12.5	1861111
2011	12	-22.5	12.5	3722222
